4096 4096
169
124 110 223 110 223 657 230 657
324 709 8 709 8 702 4 702
272 428 380 428 380 917 721 917
249 561 563 561 563 875 688 875
188 406 808 406 808 878 890 878
524 1003 817 1003 817 49 989 49
238 476 238 157 1005 157 1005 36
326 861 331 861 331 544 521 544
278 58 278 641 131 641 131 661
87 497 87 301 324 301 324 115
630 1838 630 1641 981 1641 981 1536
265 1316 293 1316 293 1359 341 1359
609 1198 609 1769 752 1769 752 1783
302 1462 302 1470 286 1470 286 1542
550 1661 550 1608 954 1608 954 1588
669 1262 669 1446 868 1446 868 1746
161 1172 220 1172 220 1525 297 1525
206 1507 206 1422 377 1422 377 1382
441 1662 441 1640 15 1640 15 1055
615 1677 615 1379 517 1379 517 1297
361 3065 361 2799 223 2799 223 2710
403 2601 403 2542 97 2542 97 2238
1018 2383 1018 2512 463 2512 463 2671
40 2599 40 2528 847 2528 847 2335
530 2263 530 2332 749 2332 749 2601
233 2403 313 2403 313 2329 802 2329
617 2115 506 2115 506 2900 104 2900
68 2088 68 2160 908 2160 908 2740
25 2786 25 2264 698 2264 698 2048
138 2215 211 2215 211 2976 343 2976
57 2868 197 2868 197 2337 595 2337
954 3512 952 3512 952 3742 879 3742
73 3752 74 3752 74 4009 121 4009
705 3938 823 3938 823 4085 1000 4085
229 3620 284 3620 284 3960 451 3960
872 3554 450 3554 450 3400 61 3400
604 3336 604 3386 371 3386 371 3517
167 3851 167 3759 905 3759 905 3118
51 3351 541 3351 541 3295 1005 3295
311 3371 394 3371 394 3113 505 3113
610 3188 775 3188 775 3449 784 3449
1906 943 1455 943 1455 873 1152 873
1624 666 1390 666 1390 353 1382 353
1654 874 1676 874 1676 729 1679 729
1297 28 1546 28 1546 872 1931 872
1821 289 1821 427 1900 427 1900 738
1487 95 1398 95 1398 427 1391 427
2046 451 2046 734 1587 734 1587 990
1815 191 1702 191 1702 848 1651 848
2042 379 2042 383 1173 383 1173 447
1722 155 1722 292 1091 292 1091 485
1486 417 1486 510 1425 510 1425 656
1325 1037 1325 1524 1295 1524 1295 1604
1329 1071 1662 1071 1662 1842 1801 1842
1271 1291 1368 1291 1368 1307 1778 1307
1783 1236 1788 1236 1788 1842 1795 1842
1891 1428 1891 1449 1366 1449 1366 1535
1650 1557 1650 1586 1890 1586 1890 1813
1148 1570 1162 1570 1162 1802 1933 1802
1053 1311 1223 1311 1223 1126 1385 1126
1081 1542 1893 1542 1893 1460 1944 1460
1619 1470 1619 1552 1538 1552 1538 1922
1876 2000 1675 2000 1675 1568 1098 1568
1961 2779 1961 2416 1788 2416 1788 2332
1704 2991 1704 2739 1143 2739 1143 2566
1370 2165 1481 2165 1481 2470 1641 2470
1990 2222 1789 2222 1789 2396 1634 2396
1814 2165 1793 2165 1793 2362 1394 2362
1215 2498 1215 2114 1182 2114 1182 2097
1603 2089 1603 2182 1885 2182 1885 2191
1670 2926 1670 2756 1651 2756 1651 2490
1948 2966 1948 2802 1105 2802 1105 2607
1822 2682 1822 2606 1747 2606 1747 2558
1149 2670 1149 2672 1271 2672 1271 2895
1889 3597 1889 3559 1558 3559 1558 3371
1572 3835 1492 3835 1492 4090 1068 4090
1371 3965 1371 3881 1127 3881 1127 3450
1942 3325 1942 3764 1843 3764 1843 3944
1281 3781 1281 3932 1350 3932 1350 3988
1304 3528 1198 3528 1198 3590 1181 3590
1037 3205 1037 3291 1217 3291 1217 3355
1595 3272 1595 3218 1396 3218 1396 3181
1204 4049 1204 3903 1082 3903 1082 3162
2018 3245 1596 3245 1596 3377 1429 3377
2299 715 2991 715 2991 950 3045 950
2239 161 2474 161 2474 264 2734 264
2281 596 2281 565 2374 565 2374 385
2854 742 2854 685 2817 685 2817 552
2494 713 2551 713 2551 974 2564 974
2809 276 2780 276 2780 384 2359 384
2931 73 2968 73 2968 511 2969 511
2934 725 2656 725 2656 68 2493 68
2143 988 2143 940 2718 940 2718 585
2704 418 2704 336 2244 336 2244 200
2932 974 2762 974 2762 289 2533 289
2699 1626 2699 1715 2829 1715 2829 1807
2992 1966 2828 1966 2828 2027 2311 2027
2086 2030 2122 2030 2122 1400 2130 1400
2833 1716 2833 1832 3030 1832 3030 1892
2292 1322 2297 1322 2297 1886 2317 1886
2290 1474 2769 1474 2769 1955 2848 1955
3068 1361 3068 1595 2221 1595 2221 1619
2493 1160 2520 1160 2520 2034 2521 2034
2646 2000 2646 1731 2144 1731 2144 1461
2582 1339 2265 1339 2265 1070 2110 1070
2951 1026 2762 1026 2762 1488 2758 1488
2563 2067 2404 2067 2404 2827 2301 2827
2974 2184 2974 2344 2456 2344 2456 2652
2846 2798 2846 2396 2594 2396 2594 2219
2228 2325 2564 2325 2564 2085 2781 2085
2278 2086 2278 2264 2837 2264 2837 2832
2603 2630 2603 2554 2627 2554 2627 2182
2260 2530 2395 2530 2395 2911 2435 2911
2145 2611 2555 2611 2555 2702 2716 2702
2803 2182 2511 2182 2511 2626 2405 2626
2629 2903 2671 2903 2671 2172 2698 2172
2333 2470 2340 2470 2340 2547 2346 2547
2689 3810 2621 3810 2621 3280 2356 3280
2774 3299 2800 3299 2800 3934 2854 3934
2940 4046 2940 3358 2486 3358 2486 3299
2379 3286 2379 3357 2405 3357 2405 3416
2720 3483 2602 3483 2602 3709 2586 3709
2502 3911 2502 3910 2536 3910 2536 3906
2740 3890 2757 3890 2757 3819 2786 3819
2705 3637 2697 3637 2697 3611 2329 3611
2371 4004 2224 4004 2224 3544 2079 3544
2352 3876 2352 3820 2200 3820 2200 3643
2182 4002 2182 3769 2489 3769 2489 3606
3161 102 3161 669 3287 669 3287 779
3386 107 3386 313 4095 313 4095 802
3616 936 3616 864 3796 864 3796 379
3778 498 3788 498 3788 814 3809 814
4073 534 3374 534 3374 250 3237 250
3086 234 3160 234 3160 860 3165 860
3433 931 3660 931 3660 803 3703 803
3356 714 3496 714 3496 339 3637 339
3733 669 3733 833 3887 833 3887 870
3084 212 3084 231 3894 231 3894 267
3287 1214 3561 1214 3561 1713 3711 1713
3660 1279 3660 1235 3117 1235 3117 1037
4046 1077 3383 1077 3383 1226 3176 1226
3434 1776 3434 1635 4026 1635 4026 1031
3189 1654 3696 1654 3696 1278 4051 1278
3096 1609 3373 1609 3373 1065 4024 1065
4039 1056 3913 1056 3913 1601 3858 1601
3550 1385 3550 1794 4080 1794 4080 1927
3369 1725 3369 1805 4001 1805 4001 1873
4063 1885 3685 1885 3685 1659 3245 1659
3878 1651 3878 1597 3390 1597 3390 1566
3727 2255 3727 2580 3105 2580 3105 2750
3890 2467 3890 2407 3197 2407 3197 2324
4039 3046 4039 2893 4065 2893 4065 2516
3555 2975 3555 2835 3932 2835 3932 2733
3534 2143 3898 2143 3898 2712 4046 2712
3639 2101 3781 2101 3781 2388 3807 2388
3127 2860 3127 2589 3255 2589 3255 2198
4051 2961 4051 2947 3567 2947 3567 2119
4005 2795 3328 2795 3328 2854 3234 2854
3419 2807 3419 2698 3240 2698 3240 2628
3659 3124 3659 3609 3217 3609 3217 4072
3682 3741 3682 3963 3546 3963 3546 4038
3187 3691 3187 3620 3744 3620 3744 3259
3373 3249 3373 3281 3727 3281 3727 3955
3741 3784 3437 3784 3437 3751 3219 3751
3512 3831 3512 3805 3661 3805 3661 3696
3239 3724 3239 3764 3596 3764 3596 3895
3596 3852 3596 3791 3158 3791 3158 3756
3738 3181 3448 3181 3448 3786 3447 3786
3921 3499 3720 3499 3720 3803 3689 3803
