4096 4096
169
124 110 125 110 125 657 230 657
324 709 324 704 4 704 4 702
272 428 689 428 689 917 721 917
249 561 325 561 325 875 688 875
188 406 690 406 690 878 890 878
524 1003 524 881 989 881 989 49
238 476 325 476 325 36 1005 36
326 861 385 861 385 544 521 544
278 58 278 250 131 250 131 661
87 497 87 161 324 161 324 115
630 1838 630 1822 981 1822 981 1536
265 1316 265 1330 341 1330 341 1359
609 1198 609 1531 752 1531 752 1783
302 1462 298 1462 298 1542 286 1542
550 1661 598 1661 598 1588 954 1588
669 1262 669 1528 868 1528 868 1746
161 1172 229 1172 229 1525 297 1525
206 1507 206 1404 377 1404 377 1382
441 1662 441 1174 15 1174 15 1055
615 1677 615 1670 517 1670 517 1297
361 3065 258 3065 258 2710 223 2710
403 2601 128 2601 128 2238 97 2238
1018 2383 1017 2383 1017 2671 463 2671
40 2599 682 2599 682 2335 847 2335
530 2263 645 2263 645 2601 749 2601
233 2403 701 2403 701 2329 802 2329
617 2115 137 2115 137 2900 104 2900
68 2088 848 2088 848 2740 908 2740
25 2786 26 2786 26 2048 698 2048
138 2215 259 2215 259 2976 343 2976
57 2868 58 2868 58 2337 595 2337
954 3512 954 3552 879 3552 879 3742
73 3752 89 3752 89 4009 121 4009
705 3938 705 4058 1000 4058 1000 4085
229 3620 318 3620 318 3960 451 3960
872 3554 370 3554 370 3400 61 3400
604 3336 604 3498 371 3498 371 3517
167 3851 873 3851 873 3118 905 3118
51 3351 51 3330 1005 3330 1005 3295
311 3371 322 3371 322 3113 505 3113
610 3188 611 3188 611 3449 784 3449
1906 943 1906 915 1152 915 1152 873
1624 666 1390 666 1390 353 1382 353
1654 874 1654 780 1679 780 1679 729
1297 28 1816 28 1816 872 1931 872
1821 289 1821 491 1900 491 1900 738
1487 95 1444 95 1444 427 1391 427
2046 451 2045 451 2045 990 1587 990
1815 191 1653 191 1653 848 1651 848
2042 379 1457 379 1457 447 1173 447
1722 155 1172 155 1172 485 1091 485
1486 417 1458 417 1458 656 1425 656
1325 1037 1314 1037 1314 1604 1295 1604
1329 1071 1796 1071 1796 1842 1801 1842
1271 1291 1271 1307 1778 1307
1783 1236 1783 1396 1795 1396 1795 1842
1891 1428 1584 1428 1584 1535 1366 1535
1650 1557 1650 1801 1890 1801 1890 1813
1148 1570 1310 1570 1310 1802 1933 1802
1053 1311 1219 1311 1219 1126 1385 1126
1081 1542 1082 1542 1082 1460 1944 1460
1619 1470 1585 1470 1585 1922 1538 1922
1876 2000 1147 2000 1147 1568 1098 1568
1961 2779 1960 2779 1960 2332 1788 2332
1704 2991 1650 2991 1650 2566 1143 2566
1370 2165 1480 2165 1480 2470 1641 2470
1990 2222 1990 2383 1634 2383 1634 2396
1814 2165 1476 2165 1476 2362 1394 2362
1215 2498 1204 2498 1204 2097 1182 2097
1603 2089 1815 2089 1815 2191 1885 2191
1670 2926 1670 2850 1651 2850 1651 2490
1948 2966 1649 2966 1649 2607 1105 2607
1822 2682 1758 2682 1758 2558 1747 2558
1149 2670 1149 2723 1271 2723 1271 2895
1889 3597 1889 3463 1558 3463 1558 3371
1572 3835 1571 3835 1571 4090 1068 4090
1371 3965 1370 3965 1370 3450 1127 3450
1942 3325 1921 3325 1921 3944 1843 3944
1281 3781 1281 3871 1350 3871 1350 3988
1304 3528 1222 3528 1222 3590 1181 3590
1037 3205 1150 3205 1150 3355 1217 3355
1595 3272 1595 3181 1396 3181
1204 4049 1126 4049 1126 3162 1082 3162
2018 3245 1877 3245 1877 3377 1429 3377
2299 715 2300 715 2300 950 3045 950
2239 161 2602 161 2602 264 2734 264
2281 596 2281 486 2374 486 2374 385
2854 742 2852 742 2852 552 2817 552
2494 713 2495 713 2495 974 2564 974
2809 276 2532 276 2532 384 2359 384
2931 73 2968 73 2968 511 2969 511
2934 725 2661 725 2661 68 2493 68
2143 988 2282 988 2282 585 2718 585
2704 418 2601 418 2601 200 2244 200
2932 974 2932 934 2533 934 2533 289
2699 1626 2699 1777 2829 1777 2829 1807
2992 1966 2992 2023 2311 2023 2311 2027
2086 2030 2120 2030 2120 1400 2130 1400
2833 1716 2900 1716 2900 1892 3030 1892
2292 1322 2300 1322 2300 1886 2317 1886
2290 1474 2291 1474 2291 1955 2848 1955
3068 1361 3068 1588 2221 1588 2221 1619
2493 1160 2493 1194 2521 1194 2521 2034
2646 2000 2382 2000 2382 1461 2144 1461
2582 1339 2581 1339 2581 1070 2110 1070
2951 1026 2817 1026 2817 1488 2758 1488
2563 2067 2404 2067 2404 2827 2301 2827
2974 2184 2973 2184 2973 2652 2456 2652
2846 2798 2845 2798 2845 2219 2594 2219
2228 2325 2229 2325 2229 2085 2781 2085
2278 2086 2279 2086 2279 2832 2837 2832
2603 2630 2603 2617 2627 2617 2627 2182
2260 2530 2261 2530 2261 2911 2435 2911
2145 2611 2183 2611 2183 2702 2716 2702
2803 2182 2593 2182 2593 2626 2405 2626
2629 2903 2645 2903 2645 2172 2698 2172
2333 2470 2334 2470 2334 2547 2346 2547
2689 3810 2585 3810 2585 3280 2356 3280
2774 3299 2799 3299 2799 3934 2854 3934
2940 4046 2739 4046 2739 3299 2486 3299
2379 3286 2404 3286 2404 3416 2405 3416
2720 3483 2720 3672 2586 3672 2586 3709
2502 3911 2523 3911 2523 3906 2536 3906
2740 3890 2759 3890 2759 3819 2786 3819
2705 3637 2705 3618 2329 3618 2329 3611
2371 4004 2181 4004 2181 3544 2079 3544
2352 3876 2201 3876 2201 3643 2200 3643
2182 4002 2183 4002 2183 3606 2489 3606
3161 102 3165 102 3165 779 3287 779
3386 107 3512 107 3512 802 4095 802
3616 936 3704 936 3704 379 3796 379
3778 498 3778 772 3809 772 3809 814
4073 534 4072 534 4072 250 3237 250
3086 234 3164 234 3164 860 3165 860
3433 931 3609 931 3609 803 3703 803
3356 714 3356 713 3637 713 3637 339
3733 669 3734 669 3734 870 3887 870
3084 212 3166 212 3166 267 3894 267
3287 1214 3369 1214 3369 1713 3711 1713
3660 1279 3635 1279 3635 1037 3117 1037
4046 1077 4046 1138 3176 1138 3176 1226
3434 1776 4025 1776 4025 1031 4026 1031
3189 1654 4040 1654 4040 1278 4051 1278
3096 1609 3097 1609 3097 1065 4024 1065
4039 1056 4039 1379 3858 1379 3858 1601
3550 1385 4064 1385 4064 1927 4080 1927
3369 1725 3370 1725 3370 1873 4001 1873
4063 1885 3368 1885 3368 1659 3245 1659
3878 1651 3857 1651 3857 1566 3390 1566
3727 2255 3134 2255 3134 2750 3105 2750
3890 2467 3796 2467 3796 2324 3197 2324
4039 3046 4052 3046 4052 2516 4065 2516
3555 2975 3634 2975 3634 2733 3932 2733
3534 2143 3891 2143 3891 2712 4046 2712
3639 2101 3797 2101 3797 2388 3807 2388
3127 2860 3128 2860 3128 2198 3255 2198
4051 2961 4050 2961 4050 2119 3567 2119
4005 2795 3853 2795 3853 2854 3234 2854
3419 2807 3419 2648 3240 2648 3240 2628
3659 3124 3218 3124 3218 4072 3217 4072
3682 3741 3682 3843 3546 3843 3546 4038
3187 3691 3188 3691 3188 3259 3744 3259
3373 3249 3683 3249 3683 3955 3727 3955
3741 3784 3740 3784 3740 3751 3219 3751
3512 3831 3512 3724 3661 3724 3661 3696
3239 3724 3240 3724 3240 3895 3596 3895
3596 3852 3446 3852 3446 3756 3158 3756
3738 3181 3488 3181 3488 3786 3447 3786
3921 3499 3846 3499 3846 3803 3689 3803
