4096 4096
595
44 234 500 234 500 673 602 673
985 224 474 224 474 208 441 208
618 922 618 587 475 587 475 240
589 527 589 446 413 446 413 432
389 643 389 816 818 816 818 1021
253 17 48 17 48 505 47 505
409 693 409 489 184 489 184 387
1021 418 989 418 989 311 694 311
372 54 777 54 777 212 783 212
615 501 614 501 614 424 597 424
160 809 162 809 162 447 481 447
157 985 255 985 255 726 778 726
309 829 309 137 386 137 386 98
255 695 254 695 254 757 210 757
78 100 734 100 734 327 880 327
843 951 843 725 776 725 776 126
715 857 685 857 685 771 457 771
678 677 576 677 576 524 502 524
703 392 702 392 702 580 607 580
458 619 471 619 471 815 982 815
423 471 423 694 845 694 845 919
798 273 131 273 131 677 129 677
830 216 776 216 776 108 118 108
433 1558 362 1558 362 1944 235 1944
900 1538 399 1538 399 1952 314 1952
513 1415 513 1436 325 1436 325 1521
471 1216 472 1216 472 1109 616 1109
364 1582 364 1656 769 1656 769 1686
322 1331 322 1347 153 1347 153 1821
1000 1374 987 1374 987 1108 464 1108
202 2009 202 1980 841 1980 841 1612
536 1284 324 1284 324 1900 306 1900
616 1808 616 1700 932 1700 932 1467
550 2036 550 1932 324 1932 324 1458
248 1083 976 1083 976 1857 997 1857
709 1561 709 1283 160 1283 160 1175
253 1031 254 1031 254 1346 266 1346
802 1478 361 1478 361 1781 318 1781
137 1056 498 1056 498 1236 531 1236
305 1195 304 1195 304 1113 137 1113
924 1286 530 1286 530 1917 506 1917
228 1829 229 1829 229 1679 761 1679
529 1572 363 1572 363 1636 266 1636
227 1457 227 1681 453 1681 453 1933
206 1828 207 1828 207 1972 494 1972
274 1339 152 1339 152 1843 36 1843
797 3015 385 3015 385 3050 276 3050
780 2444 780 2593 864 2593 864 2687
588 2655 588 2545 911 2545 911 2487
762 2788 476 2788 476 2502 441 2502
103 2076 210 2076 210 2912 777 2912
345 2672 292 2672 292 2379 163 2379
798 2098 798 2143 701 2143 701 2988
992 2732 966 2732 966 2108 709 2108
409 2811 865 2811 865 2629 892 2629
551 2449 550 2449 550 2559 382 2559
725 2106 508 2106 508 2460 427 2460
279 2339 280 2339 280 2190 527 2190
595 2565 324 2565 324 2231 293 2231
873 2111 108 2111 108 2819 98 2819
813 2862 813 3016 419 3016 419 3059
742 2515 743 2515 743 2472 830 2472
185 2962 185 2908 160 2908 160 2215
37 2226 326 2226 326 2246 844 2246
1011 2773 1010 2773 1010 2898 441 2898
197 2180 209 2180 209 2921 562 2921
728 3772 728 3770 108 3770 108 3721
901 3629 881 3629 881 3225 486 3225
347 3402 312 3402 312 3832 104 3832
802 3847 802 3783 595 3783 595 3566
121 3469 261 3469 261 3959 385 3959
970 4019 568 4019 568 3268 476 3268
134 3351 732 3351 732 3356 949 3356
807 3736 807 3720 36 3720 36 3411
450 3793 646 3793 646 3249 804 3249
162 3199 262 3199 262 3757 276 3757
475 3525 489 3525 489 3599
343 3580 348 3580 348 3289 857 3289
631 4022 630 4022 630 4058 15 4058
386 4017 66 4017 66 3407 36 3407
836 3616 701 3616 701 3227 603 3227
267 3714 454 3714 454 3432 728 3432
550 3532 384 3532 384 3354 81 3354
691 3352 692 3352 692 3500 849 3500
296 3946 297 3946 297 3233 565 3233
821 3541 822 3541 822 3951 885 3951
1002 3474 880 3474 880 3385 430 3385
502 3771 449 3771 449 3887 67 3887
1222 958 1440 958 1440 715 1539 715
1647 347 1647 631 1769 631 1769 998
1217 340 1216 340 1216 144 1208 144
1471 651 1471 639 1450 639 1450 363
1465 201 1465 419 1448 419 1448 979
1367 880 1367 362 1523 362 1523 155
1356 456 1355 456 1355 460 1117 460
1295 177 1295 287 1701 287 1701 922
1692 630 1689 630 1689 454 1680 454
1633 662 1439 662 1439 846 1435 846
1525 457 1395 457 1395 873 1041 873
2004 927 1895 927 1895 905 1284 905
1109 946 1350 946 1350 953 1420 953
1642 768 1642 143 1179 143 1179 133
1866 977 1865 977 1865 803 1538 803
1123 244 1124 244 1124 62 1658 62
1442 124 1481 124 1481 946 1583 946
1712 299 1712 123 1452 123 1452 55
1982 76 1771 76 1771 674 1458 674
1862 481 2008 481 2008 173 2031 173
1546 683 1547 683 1547 763 1552 763
1570 1480 1570 1588 1576 1588 1576 1619
1254 1145 1195 1145 1195 1343 1145 1343
1178 1894 1221 1894 1221 1829 1280 1829
1882 1973 1998 1973 1998 1067 2003 1067
1061 1390 1061 1689 1141 1689 1141 1914
1935 1371 1935 1308 1392 1308 1392 1068
1278 1079 1277 1079 1277 1683 1239 1683
1349 1846 1348 1846 1348 1635 1306 1635
1375 1323 1374 1323 1374 1618 1343 1618
1372 1202 1612 1202 1612 1030 1645 1030
1333 2034 1332 2034 1332 1639 1329 1639
1062 1688 1062 1657 1467 1657 1467 1628
1381 1337 1382 1337 1382 1366 1825 1366
1405 1602 1405 1620 1869 1620 1869 2000
2037 1356 2034 1356 2034 1059 1843 1059
1623 1309 1654 1309 1654 1813 1847 1813
2018 1848 2046 1848 2046 1607
1650 1508 1380 1508 1380 1053 1082 1053
1647 1043 1647 1060 1924 1060 1924 1374
1223 1270 1223 1621 1415 1621 1415 1655
1568 2041 1881 2041 1881 1693 1997 1693
1050 2881 1838 2881 1838 2764 1954 2764
1768 2817 1768 2117 1312 2117 1312 2104
1301 2278 1448 2278 1448 2665 1490 2665
1784 3067 1784 2704 1684 2704 1684 2344
1844 2494 1844 2433 2023 2433 2023 2167
1251 2220 1271 2220 1271 2152 1543 2152
1632 2409 1612 2409 1612 2662 1175 2662
1577 2167 1576 2167 1576 2340 1045 2340
1562 2910 1912 2910 1912 2434 1976 2434
1517 3018 1196 3018 1196 2776 1149 2776
1206 2667 1836 2667 1836 2121 1898 2121
1402 2743 1401 2743 1401 2622 1305 2622
1445 2052 1445 2800 1381 2800 1381 2862
1300 2283 1253 2283 1253 2975 1164 2975
1651 2589 1652 2589 1652 2550 1892 2550
1473 2363 1472 2363 1472 2138 1423 2138
1254 2478 1402 2478 1402 2695 1813 2695
1613 2408 1613 2137 1286 2137 1286 2121
1256 2055 1256 2056 1439 2056 1439 2062
1197 2866 1412 2866 1412 3059 1543 3059
1512 2236 1512 2479 1420 2479 1420 3012
1109 2755 1161 2755 1161 2703 1911 2703
1853 2203 1843 2203 1843 2948 1742 2948
1352 3535 1338 3535 1338 3654 1113 3654
1816 3245 1453 3245 1453 3322 1174 3322
1200 3468 1201 3468 1201 3691 1219 3691
1133 3476 1639 3476 1639 3582 1822 3582
1174 4012 1175 4012 1175 4054 1446 4054
1192 3118 1655 3118 1655 3347 1812 3347
1164 3972 1805 3972 1805 3438 1839 3438
1881 3316 1881 3776 1478 3776 1478 3778
1982 4018 1981 4018 1981 4011 1591 4011
1247 3657 1325 3657 1325 3988 1919 3988
1378 4009 1378 3438 1549 3438 1549 3213
1794 3113 1817 3113 1817 3247 1880 3247
1944 3382 1804 3382 1804 3605 1776 3605
1564 3622 1665 3622 1665 3358 1837 3358
1713 3567 1713 3862 1612 3862 1612 3925
2031 3770 2000 3770 2000 3831 1634 3831
1075 3631 1076 3631 1076 3661 1798 3661
1959 4049 1959 3940 1805 3940 1805 3533
1608 3288 1608 3346 1077 3346 1077 3567
1654 3279 1653 3279 1653 3575 1599 3575
2002 3816 2001 3816 2001 3983 1439 3983
2856 419 2855 419 2855 354 2822 354
2762 964 2762 274 2996 274 2996 24
2785 895 2784 895 2784 11 2344 11
2183 645 2782 645 2782 931 2972 931
2706 325 2706 587 2444 587 2444 836
2934 317 3035 317 3035 168
2277 142 2278 142 2278 267 2364 267
2759 970 2753 970 2753 631 2475 631
2537 218 2537 486 2613 486 2613 881
2861 275 2861 311 2366 311 2366 468
2854 932 2821 932 2821 321 2492 321
2521 1012 2614 1012 2614 379 2632 379
3023 648 3022 648 3022 407 2463 407
2286 374 2286 213 2608 213 2608 164
2390 659 2390 746 2209 746 2209 806
2228 799 2228 141 2451 141 2451 34
3065 182 3064 182 3064 214 2525 214
3012 945 2803 945 2803 643 2434 643
2980 1011 2979 1011 2979 568 2912 568
2774 542 3036 542 3036 289 3071 289
2892 950 2891 950 2891 145
2934 1920 2530 1920 2530 1226 2298 1226
2531 1533 2531 1679 2822 1679 2822 1742
2678 1861 2679 1861 2679 1248 2774 1248
3024 1167 3024 1195 2199 1195 2199 1390
2744 1521 2743 1521 2743 1371 2739 1371
2163 1892 2164 1892 2164 1862 2841 1862
2717 1768 2804 1768 2804 1948 2932 1948
2137 1690 2271 1690 2271 1741 2523 1741
3042 1919 3042 1767 2570 1767 2570 1533
2270 1693 2269 1693 2269 1898 2110 1898
3004 1384 2950 1384 2950 1155 2295 1155
2805 1049 2805 1071 2579 1071 2579 1774
2423 1194 2422 1194 2422 1103 2334 1103
3028 1608 2935 1608 2935 1661 2685 1661
2782 1991 2782 1677 2728 1677 2728 1225
2731 1494 2731 1488 2814 1488 2814 1406
2723 1644 2722 1644 2722 1091 2696 1091
2138 1622 2519 1622 2519 1740 2798 1740
2252 1583 2252 1543 2463 1543 2463 1380
2386 1277 2385 1277 2385 1435 2202 1435
2147 1465 2148 1465 2148 1978 2239 1978
2259 2035 2260 2035 2260 1935 2920 1935
2272 1544 2524 1544 2524 1831 3038 1831
2783 2561 2784 2561 2784 2619 3004 2619
2160 2677 2102 2677 2102 2897 2085 2897
3028 2053 3027 2053 3027 2230 2999 2230
2056 2752 2061 2752 2061 2969 2887 2969
2709 3019 2709 2380 2805 2380 2805 2166
2323 2288 2324 2288 2324 2594 2367 2594
2132 2389 2132 2595 2645 2595 2645 2836
2103 2827 2104 2827 2104 3023 2527 3023
2453 2492 2509 2492 2509 2130 2561 2130
2326 2967 2687 2967 2687 2137 2723 2137
3009 2720 3008 2720 3008 2485 3001 2485
2557 2584 2665 2584 2665 2423 2686 2423
2718 2560 2719 2560 2719 2543 2869 2543
2460 2082 2459 2082 2459 2122 2213 2122
2156 2878 2156 2717 2293 2717 2293 2423
2347 2352 2348 2352 2348 2549 2557 2549
2730 2248 2717 2248 2717 2663 2070 2663
2675 2125 2675 2202 2371 2202 2371 3046
2678 2304 2346 2304 2346 2381 2078 2381
2300 2858 2687 2858 2687 2264 2905 2264
2398 3627 2191 3627 2191 3872 2074 3872
2685 3503 2684 3503 2684 3702 2566 3702
2425 3099 2425 3082 2200 3082 2200 3078
2750 3074 2749 3074 2749 3128 2470 3128
2395 4055 2377 4055 2377 3836 2131 3836
3067 4053 2717 4053 2717 3074 2422 3074
2994 3200 2409 3200 2409 3116 2129 3116
2128 3244 2128 3439 2106 3439 2106 4075
2622 3262 2408 3262 2408 4030 2378 4030
2935 3820 2692 3820 2692 3403 2281 3403
2834 3097 2332 3097 2332 3343 2099 3343
2051 3653 2052 3653 2052 3586 2266 3586
2052 3691 2053 3691 2053 3768 2454 3768
2903 3955 2565 3955 2565 3666 2192 3666
2409 4021 2899 4021 2899 3119 2922 3119
2393 3412 2399 3412 2399 4038 2827 4038
2492 3143 2469 3143 2469 3122 2314 3122
2394 3230 2393 3230 2393 3438 2105 3438
2977 4056 2564 4056 2564 3535 2477 3535
2400 3111 2923 3111 2923 3558 3058 3558
3421 237 3759 237 3759 906 3782 906
3678 597 3871 597 3871 979 3918 979
4051 821 4051 49 4018 49 4018 44
3480 207 3481 207 3481 187 3626 187
3291 392 3290 392 3290 965 3248 965
3891 143 3915 143 3915 770 4081 770
3114 438 3115 438 3115 370 3885 370
3979 474 3964 474 3964 86 3165 86
3931 568 3932 568 3932 137 4026 137
3870 701 3550 701 3550 927 3547 927
3864 451 3760 451 3760 213 3550 213
3625 585 3880 585 3880 798 4091 798
3788 531 3788 468 3234 468 3234 407
3989 479 3990 479 3990 435 4087 435
3476 908 3476 599 3582 599 3582 300
3761 394 3990 394 3990 254 4081 254
3914 157 3913 157 3913 511 3764 511
3682 618 3498 618 3498 409 3339 409
3309 224 3345 224 3345 952 3779 952
3433 50 3433 131 3922 131 3922 141
3758 423 3757 423 3757 394 3165 394
4037 655 4036 655 4036 569 3497 569
3096 1711 3297 1711 3297 2014 3713 2014
3138 1353 3797 1353 3797 1434 3882 1434
3757 1453 3191 1453 3191 1852 3148 1852
3654 1803 3654 1606 3445 1606 3445 1136
4061 1786 4061 1794 3469 1794 3469 1846
3535 1175 3535 1328 3603 1328 3603 1446
3939 1298 3396 1298 3396 1211 3348 1211
3784 1210 3784 1454 3317 1454 3317 1889
3705 1207 3798 1207 3798 1080 4020 1080
3425 1964 3425 1891 3324 1891 3324 1170
3770 1056 3770 1067 3190 1067 3190 1822
3695 1497 3797 1497 3797 1457 4038 1457
3258 1239 3259 1239 3259 1315 3510 1315
3818 1535 3649 1535 3649 1472 3591 1472
3832 1751 3832 1534 3656 1534 3656 1103
3474 1245 3883 1245 3883 1513 3917 1513
3365 1686 3365 1471 3796 1471 3796 1408
3467 1856 3468 1856 3468 1905 3808 1905
3365 1782 3366 1782 3366 1708 3990 1708
3573 2029 3316 2029 3316 1331 3098 1331
3450 2895 3519 2895 3519 2657 3557 2657
3082 2416 3081 2416 3081 2149 3076 2149
3776 3046 3871 3046 3871 2569 3872 2569
3518 2715 3554 2715 3554 2204 3556 2204
3961 2978 3961 2415 3779 2415 3779 2061
3871 2416 3870 2416 3870 2804 3345 2804
3910 2556 3909 2556 3909 2094 3202 2094
3253 2933 3865 2933 3865 2405 4057 2405
3415 2934 3478 2934 3478 3063 3490 3063
3535 2420 3536 2420 3536 2205 3620 2205
3246 2615 3242 2615 3242 2819 3119 2819
3943 3043 3942 3043 3942 2865 3586 2865
3448 2103 3695 2103 3695 2633 3784 2633
3467 2631 3278 2631 3278 2295 3254 2295
3431 2880 3783 2880 3783 2346 3964 2346
3286 2049 3287 2049 3287 2315 3471 2315
3762 2647 3782 2647 3782 2061 3907 2061
3279 2393 3508 2393 3508 3071 3905 3071
3860 2258 3692 2258 3692 2201 3232 2201
3243 2839 3478 2839 3478 2356 3490 2356
3328 3736 3328 3692 3377 3692 3377 3323
3550 3791 3551 3791 3551 3747 3892 3747
3910 3884 3910 3746 3586 3746 3586 3719
3723 3843 3512 3843 3512 3203 3508 3203
4005 3470 3980 3470 3980 3753 3860 3753
3490 3698 4028 3698 4028 3501 4083 3501
4027 3614 3742 3614 3742 3809 3161 3809
3248 3297 3247 3297 3247 3101 3229 3101
3929 3135 3376 3135 3376 3338 3351 3338
3409 4058 3535 4058 3535 3828 3657 3828
3666 3552 3665 3552 3665 3136 3158 3136
3365 3693 3364 3693 3364 3775 3360 3775
3935 3916 3934 3916 3934 4037 3353 4037
3352 3312 3352 3742 3347 3742 3347 3993
3948 3426 3947 3426 3947 3419 3541 3419
3262 3409 3366 3409 3366 3767 3936 3767
4013 4075 3346 4075 3346 3937 3241 3937
3171 3340 3249 3340 3249 3236 3280 3236
3233 3734 3234 3734 3234 3954 3358 3954
3540 3270 3540 3628 4081 3628 4081 3797
3997 3902 3327 3902 3327 3718 3244 3718
3246 3353 3245 3353 3245 3698 3178 3698
3408 3569 3407 3569 3407 3348 3310 3348
1872 974 1872 998 1611 998 1611 1066
615 1015 631 1015 631 1025 1825 1025
1055 1015 1055 1030 1275 1030 1275 1037
1561 1010 1648 1010 1648 1057 1700 1057
910 988 911 988 911 1038 1399 1038
1801 2058 1661 2058 1661 2082 803 2082
1657 2074 1657 2050 1682 2050 1682 2020
211 2059 212 2059 212 2090 342 2090
749 2035 750 2035 750 1997 1025 1997
1157 2016 1158 2016 1158 2032 1672 2032
1440 3066 1138 3066 1138 3104 1076 3104
690 3049 691 3049 691 3036 1306 3036
1272 3059 1075 3059 1075 3104 200 3104
386 3037 387 3037 387 3092 1702 3092
1239 3051 1240 3051 1240 3084 1891 3084
2632 984 2482 984 2482 1000 2161 1000
1827 1020 2003 1020 2003 1047 2214 1047
2514 1010 2168 1010 2168 1015 1538 1015
1230 979 1231 979 1231 1021 1292 1021
3001 993 3001 1016 1650 1016 1650 1020
2309 2078 2292 2078 2292 2051 1678 2051
1125 2083 1658 2083 1658 2057 2751 2057
1057 2034 1058 2034 1058 2007 2909 2007
1311 2035 1311 2042 1626 2042 1626 2072
1656 2092 1656 2051 1057 2051 1057 2003
1285 3073 1785 3073 1785 3047 2247 3047
2704 3069 2704 3029 1698 3029 1698 3025
2681 3048 2681 3100 1139 3100 1139 3102
2407 3039 2406 3039 2406 3046 1843 3046
2694 3046 2680 3046 2680 3053 1059 3053
2845 1036 2591 1036 2591 1041 2081 1041
3332 1061 3332 1035 2535 1035 2535 1029
2321 1011 2321 1013 3517 1013 3517 1056
2483 994 3077 994 3077 1004 3219 1004
3633 1066 3550 1066 3550 1009 2189 1009
2709 2008 3780 2008 3780 2083 3853 2083
3602 2082 3513 2082 3513 2035 2416 2035
2310 2062 2311 2062 2311 2026 2633 2026
2804 2047 2864 2047 2864 2012 3155 2012
2853 2001 2901 2001 2901 2036 3904 2036
3477 3062 3476 3062 3476 3063 3130 3063
4000 3063 3999 3063 3999 3108 2438 3108
3042 3031 3043 3031 3043 3035 3897 3035
3541 3088 3542 3088 3542 3122 3921 3122
3714 3087 3129 3087 3129 3058 3049 3058
1011 1511 1012 1511 1012 1708 1050 1708
973 1956 973 1468 1006 1468 1006 915
1050 701 1051 701 1051 112 1055 112
1054 1130 1031 1130 1031 585 1019 585
1011 233 1010 233 1010 368 990 368
1034 1726 1035 1726 1035 2785 1067 2785
988 1324 1027 1324 1027 2857 1074 2857
1026 1719 1026 2400 1023 2400 1023 2614
1022 1313 1026 1313 1026 3005 1074 3005
1070 2649 1056 2649 1056 1326 1033 1326
990 2607 990 2986 1065 2986 1065 3164
1033 2880 1068 2880 1068 2556 1070 2556
1074 2329 1073 2329 1073 2289 976 2289
1073 3920 1029 3920 1029 3374 1003 3374
1000 3715 1001 3715 1001 3820 1009 3820
2036 1242 2036 1603 2079 1603 2079 1829
2032 12 2033 12 2033 223 2073 223
2048 1534 2048 1355 2035 1355 2035 913
2045 1766 2045 1606 2046 1606 2046 869
2081 401 2080 401 2080 455 2038 455
2050 2125 2051 2125 2051 1330 2090 1330
2065 2060 2056 2060 2056 2509 2029 2509
2059 1986 2058 1986 2058 1715 2054 1715
2063 1893 2063 1987 2052 1987 2052 2538
2002 2695 2002 2661 2049 2661 2049 1209
2035 4062 2036 4062 2036 3959 2060 3959
2030 3148 2031 3148 2031 3527 2095 3527
2057 2403 2052 2403 2052 3526 1997 3526
2054 3265 2053 3265 2053 3287
2062 2301 2062 3528 2034 3528 2034 3758
3112 961 3111 961 3111 139 3081 139
3057 128 3057 979 3030 979 3030 1030
3076 995 3075 995 3075 1507 3022 1507
3067 816 3096 816 3096 1979 3122 1979
3076 932 3075 932 3075 928 3042 928
3082 2794 3089 2794 3089 1769 3094 1769
3079 1192 3078 1192 3078 1614 3044 1614
3093 1701 3085 1701 3085 3029 3024 3029
3044 2468 3045 2468 3045 2469 3087 2469
3040 1764 3043 1764 3043 2047 3051 2047
3110 2388 3109 2388 3109 2632 3086 2632
3026 3567 3026 2631 3088 2631 3088 2115
3102 3477 3103 3477 3103 3989 3107 3989
3100 2275 3101 2275 3101 2593 3110 2593
3104 3050 3103 3050 3103 2797 3091 2797
1112 3180 1112 3110 3899 3110 3899 2551
2737 3176 2080 3176 2080 693 713 693
2367 3052 3192 3052 3192 1787 3296 1787
3627 1315 3627 1447 3241 1447 3241 2862
55 2795 56 2795 56 2160 206 2160
3879 650 3878 650 3878 3927 589 3927
1617 3330 1617 3212 975 3212 975 1559
1430 2324 1430 927 3749 927 3749 728
1820 3580 3113 3580 3113 496 3638 496
1196 1259 1010 1259 1010 2555 773 2555
171 1452 933 1452 933 2415 1206 2415
3203 4046 103 4046 103 3803 78 3803
2759 2655 3110 2655 3110 2609 3478 2609
172 1970 173 1970 173 1121 1028 1121
1463 727 1463 1665 1412 1665 1412 1792
2007 306 2007 233 1442 233 1442 102
3774 469 2433 469 2433 770 2331 770
1772 188 1772 228 1032 228 1032 1051
1613 2630 1613 2826 2861 2826 2861 3706
882 3434 961 3434 961 559 1645 559
1946 3223 1999 3223 1999 1909 2043 1909
497 1209 497 3105 2460 3105 2460 3108
1443 2812 1504 2812 1504 2266 2508 2266
475 1124 475 1269 205 1269 205 3177
3080 2955 3080 2052 2441 2052 2441 1319
2496 1556 2496 2009 2900 2009 2900 3102
2366 137 2365 137 2365 132 230 132
2073 1819 2069 1819 2069 3439 1479 3439
1859 1008 3771 1008 3771 1133 3797 1133
1192 83 2994 83 2994 223 3003 223
3598 3620 3598 3613 3809 3613 3809 651
1319 44 3037 44 3037 978 3041 978
2763 1663 3080 1663 3080 1052 3129 1052
315 2844 347 2844 347 1982 1847 1982
3366 2671 3095 2671 3095 1208 2692 1208
3186 2334 3186 2092 3713 2092 3713 1730
3252 979 3110 979 3110 310 2363 310
3397 1224 3397 1024 1431 1024 1431 710
2727 3185 2778 3185 2778 2381 2780 2381
3962 3545 3962 2093 1778 2093 1778 2078
2403 2662 2029 2662 2029 3731 1984 3731
2898 3623 2898 2129 1922 2129 1922 2025
2307 371 2307 1014 3007 1014 3007 3733
52 3112 52 1981 1877 1981 1877 1906
3694 2225 3693 2225 3693 2191 1633 2191
3009 1487 3009 1052 174 1052 174 708
881 2751 962 2751 962 807 2688 807
101 2053 101 2055 3737 2055 3737 2531
2986 320 2933 320 2933 21 505 21
3551 822 3833 822 3833 1559 3847 1559
2779 1678 2684 1678 2684 141 2667 141
3881 1847 3880 1847 3880 4063 432 4063
721 3358 950 3358 950 119 2993 119
3813 885 3137 885 3137 3592 2873 3592
2878 1668 2878 1687 3957 1687 3957 3627
1947 3941 1477 3941 1477 3433 1353 3433
1896 914 2091 914 2091 2036 2863 2036
2180 686 456 686 456 1268 230 1268
2119 1291 2119 2048 3507 2048 3507 3753
1838 3539 1838 3858 1990 3858 1990 3976
577 563 2105 563 2105 2984 2903 2984
1157 3750 1030 3750 1030 811 966 811
1742 447 733 447 733 323 529 323
3939 3149 3939 992 2767 992 2767 529
1278 429 2092 429 2092 2487 2664 2487
2766 675 2766 970 2937 970 2937 3321
2539 1442 2995 1442 2995 3200 3230 3200
1274 3689 68 3689 68 93 49 93
986 2054 1007 2054 1007 160 3897 160
1666 490 1666 1361 569 1361 569 3345
2005 162 2004 162 2004 862 1909 862
1952 3031 965 3031 965 2441 627 2441
1638 3654 1638 3211 381 3211 381 1303
1880 990 1880 2001 1553 2001 1553 2615
934 1925 998 1925 998 1671 1007 1671
570 1430 1001 1430 1001 1345 1271 1345
1794 653 1787 653 1787 1422 1538 1422
330 138 330 3226 747 3226 747 3355
1918 3738 1918 1067 775 1067 775 929
278 3184 351 3184 351 1407 354 1407
109 3708 109 2731 1781 2731 1781 2613
96 3301 132 3301 132 304 320 304
488 3599 488 3603 1664 3603 1664 3607
426 3669 453 3669 453 1309 1051 1309
295 236 663 236 663 545 665 545
1169 1769 1169 1578 531 1578 531 1394
1829 2914 1829 2646 477 2646 477 1078
1652 1701 797 1701 797 2992 681 2992
1604 2119 1291 2119 1291 217 1028 217
1650 3861 1328 3861 1328 1943
530 2226 530 2386 790 2386 790 3379
587 818 548 818 548 2892 327 2892
116 991 346 991 346 3788 974 3788
1173 4065 1172 4065 1172 2220 1148 2220
1081 3880 1081 2492 989 2492 989 1469
681 3674 681 2550 960 2550 960 932
1842 3857 1842 2586 1788 2586 1788 859
353 3030 353 2795 1206 2795 1206 2689
771 1228 771 2315 702 2315 702 3593
1740 2653 1740 2175 417 2175 417 1760
167 2999 641 2999 641 895 831 895
631 941 700 941 700 1655 1653 1655
786 4069 349 4069 349 3917 265 3917
72 3526 1078 3526 1078 2819 1144 2819
562 3145 1622 3145 1622 2535 1791 2535
1774 2705 1774 3450 1889 3450 1889 3737
1325 3304 865 3304 865 3839 755 3839
1837 2998 1447 2998 1447 2314 1391 2314
1374 3108 236 3108 236 2926 157 2926
1593 3104 1627 3104 1627 2282 2040 2282
559 2897 559 3162 738 3162 738 3844
126 2433 1307 2433 1307 2363
741 3774 1537 3774 1537 3749 1777 3749
1526 2135 1668 2135 1668 3915 1729 3915
633 2546 957 2546 957 3596 1869 3596
1899 3150 1899 2844 1854 2844 1854 2065
402 2323 925 2323 925 3796 1289 3796
1515 2118 1717 2118 1717 3030 1989 3030
1930 3366 385 3366 385 3282 108 3282
208 2499 208 2501 69 2501 69 2525
325 2231 325 2377 657 2377 657 2397
1540 2313 1169 2313 1169 2257 967 2257
1411 2999 1411 2969 598 2969 598 2956
588 2235 978 2235 978 2223 1412 2223
839 2495 839 2406 881 2406 881 2379
1065 2089 1065 2256 1350 2256 1350 2799
1115 2322 909 2322 909 2310 625 2310
431 2260 187 2260 187 2128 138 2128
618 2153 531 2153 531 2438 509 2438
473 2405 480 2405 480 2214 1661 2214
797 2459 786 2459 786 2050 762 2050
881 2462 881 2425 1350 2425 1350 2384
1489 2478 1489 2382 1294 2382 1294 2056
1476 2453 1476 2270 1148 2270 1148 2175
1331 2167 1331 2224 1153 2224 1153 2293
1712 2523 1712 2140 1827 2140 1827 2049
1167 2127 1167 2225 1932 2225 1932 2232
1955 2200 1943 2200 1943 2250 1859 2250
1759 2060 1662 2060 1662 2182 1661 2182
1896 2074 1896 2083 1740 2083 1740 2132
1545 2082 1545 2224 1760 2224 1760 2258
1384 2242 1219 2242 1219 2069 1098 2069
1478 2227 1478 2237 1603 2237
1361 2206 1244 2206 1244 2301 1174 2301
1036 2287 1188 2287 1188 2247 1835 2247
1762 2213 1189 2213 1189 2294 1156 2294
1156 2199 1156 2217 1065 2217 1065 2285
1247 2203 1373 2203 1373 2186 1374 2186
1033 2203 1033 2207 1270 2207 1270 2213
1229 2210 1229 2212 1125 2212 1125 2224
1401 2216 1201 2216 1201 2196 1074 2196
1419 2198 1373 2198 1373 2232 1336 2232
1492 2230 1488 2230 1488 2206 1333 2206
1172 2176 1172 2192 1107 2192 1107 2213
1456 2193 1456 2197 1172 2197 1172 2211
1216 2222 1216 2219 1393 2219 1393 2209
1118 2181 1118 2183 1085 2183 1085 2184
1436 2229 1435 2229 1435 2201
1371 2184 1371 2198 1432 2198 1432 2227
1359 2214 1384 2214 1384 2237 1511 2237
1283 2233 1283 2228 1398 2228
1290 2199 1291 2199 1291 2177 1310 2177
