4096 4096
595
44 234 44 623 602 623 602 673
985 224 618 224 618 208 441 208
618 922 605 922 605 240 475 240
589 527 492 527 492 432 413 432
389 643 495 643 495 1021 818 1021
253 17 173 17 173 505 47 505
409 693 373 693 373 387 184 387
1021 418 1021 380 694 380 694 311
372 54 372 104 783 104 783 212
615 501 613 501 613 424 597 424
160 809 160 629 481 629 481 447
157 985 157 731 778 731 778 726
309 829 363 829 363 98 386 98
255 695 248 695 248 757 210 757
78 100 78 284 880 284 880 327
843 951 790 951 790 126 776 126
715 857 714 857 714 771 457 771
678 677 519 677 519 524 502 524
703 392 703 419 607 419 607 580
458 619 458 704 982 704 982 815
423 471 612 471 612 919 845 919
798 273 798 466 129 466 129 677
830 216 328 216 328 108 118 108
433 1558 433 1675 235 1675 235 1944
900 1538 900 1836 314 1836 314 1952
513 1415 513 1445 325 1445 325 1521
471 1216 616 1216 616 1109
364 1582 709 1582 709 1686 769 1686
322 1331 322 1335 153 1335 153 1821
1000 1374 1000 1370 464 1370 464 1108
202 2009 202 1868 841 1868 841 1612
536 1284 487 1284 487 1900 306 1900
616 1808 616 1640 932 1640 932 1467
550 2036 543 2036 543 1458 324 1458
248 1083 248 1660 997 1660 997 1857
709 1561 709 1234 160 1234 160 1175
253 1031 260 1031 260 1346 266 1346
802 1478 802 1670 318 1670 318 1781
137 1056 137 1066 531 1066 531 1236
305 1195 279 1195 279 1113 137 1113
924 1286 924 1365 506 1365 506 1917
228 1829 228 1769 761 1769 761 1679
529 1572 392 1572 392 1636 266 1636
227 1457 367 1457 367 1933 453 1933
206 1828 355 1828 355 1972 494 1972
274 1339 274 1409 36 1409 36 1843
797 3015 446 3015 446 3050 276 3050
780 2444 834 2444 834 2687 864 2687
588 2655 588 2577 911 2577 911 2487
762 2788 762 2554 441 2554 441 2502
103 2076 103 2352 777 2352 777 2912
345 2672 345 2663 163 2663 163 2379
798 2098 733 2098 733 2988 701 2988
992 2732 761 2732 761 2108 709 2108
409 2811 410 2811 410 2629 892 2629
551 2449 433 2449 433 2559 382 2559
725 2106 435 2106 435 2460 427 2460
279 2339 515 2339 515 2190 527 2190
595 2565 595 2325 293 2325 293 2231
873 2111 873 2262 98 2262 98 2819
813 2862 420 2862 420 3059 419 3059
742 2515 765 2515 765 2472 830 2472
185 2962 185 2353 160 2353 160 2215
37 2226 479 2226 479 2246 844 2246
1011 2773 1011 2851 441 2851 441 2898
197 2180 446 2180 446 2921 562 2921
728 3772 519 3772 519 3721 108 3721
901 3629 901 3371 486 3371 486 3225
347 3402 347 3595 104 3595 104 3832
802 3847 802 3733 595 3733 595 3566
121 3469 121 3500 385 3500 385 3959
970 4019 569 4019 569 3268 476 3268
134 3351 663 3351 663 3356 949 3356
807 3736 694 3736 694 3411 36 3411
450 3793 761 3793 761 3249 804 3249
162 3199 162 3648 276 3648 276 3757
475 3525 475 3548 489 3548 489 3599
343 3580 388 3580 388 3289 857 3289
631 4022 631 4034 15 4034 15 4058
386 4017 386 3955 36 3955 36 3407
836 3616 737 3616 737 3227 603 3227
267 3714 364 3714 364 3432 728 3432
550 3532 550 3495 81 3495 81 3354
691 3352 691 3387 849 3387 849 3500
296 3946 397 3946 397 3233 565 3233
821 3541 864 3541 864 3951 885 3951
1002 3474 555 3474 555 3385 430 3385
502 3771 502 3831 67 3831 67 3887
1222 958 1538 958 1538 715 1539 715
1647 347 1703 347 1703 998 1769 998
1217 340 1215 340 1215 144 1208 144
1471 651 1471 581 1450 581 1450 363
1465 201 1465 485 1448 485 1448 979
1367 880 1367 434 1523 434 1523 155
1356 456 1349 456 1349 460 1117 460
1295 177 1501 177 1501 922 1701 922
1692 630 1692 513 1680 513 1680 454
1633 662 1484 662 1484 846 1435 846
1525 457 1525 746 1041 746 1041 873
2004 927 1917 927 1917 905 1284 905
1109 946 1109 949 1420 949 1420 953
1642 768 1642 200 1179 200 1179 133
1866 977 1734 977 1734 803 1538 803
1123 244 1369 244 1369 62 1658 62
1442 124 1569 124 1569 946 1583 946
1712 299 1540 299 1540 55 1452 55
1982 76 1694 76 1694 674 1458 674
1862 481 1862 309 2031 309 2031 173
1546 683 1549 683 1549 763 1552 763
1570 1480 1576 1480 1576 1619
1254 1145 1229 1145 1229 1343 1145 1343
1178 1894 1178 1857 1280 1857 1280 1829
1882 1973 1882 1092 2003 1092 2003 1067
1061 1390 1135 1390 1135 1914 1141 1914
1935 1371 1695 1371 1695 1068 1392 1068
1278 1079 1249 1079 1249 1683 1239 1683
1349 1846 1349 1639 1306 1639 1306 1635
1375 1323 1344 1323 1344 1618 1343 1618
1372 1202 1372 1031 1645 1031 1645 1030
1333 2034 1333 1932 1329 1932 1329 1639
1062 1688 1438 1688 1438 1628 1467 1628
1381 1337 1381 1365 1825 1365 1825 1366
1405 1602 1409 1602 1409 2000 1869 2000
2037 1356 2037 1145 1843 1145 1843 1059
1623 1309 1623 1628 1847 1628 1847 1813
2018 1848 2027 1848 2027 1607 2046 1607
1650 1508 1650 1210 1082 1210 1082 1053
1647 1043 1647 1241 1924 1241 1924 1374
1223 1270 1223 1558 1415 1558 1415 1655
1568 2041 1918 2041 1918 1693 1997 1693
1050 2881 1050 2813 1954 2813 1954 2764
1768 2817 1768 2534 1312 2534 1312 2104
1301 2278 1301 2585 1490 2585 1490 2665
1784 3067 1784 2597 1684 2597 1684 2344
1844 2494 1844 2348 2023 2348 2023 2167
1251 2220 1251 2168 1543 2168 1543 2152
1632 2409 1578 2409 1578 2662 1175 2662
1577 2167 1577 2294 1045 2294 1045 2340
1562 2910 1562 2813 1976 2813 1976 2434
1517 3018 1268 3018 1268 2776 1149 2776
1206 2667 1206 2475 1898 2475 1898 2121
1402 2743 1402 2674 1305 2674 1305 2622
1445 2052 1395 2052 1395 2862 1381 2862
1300 2283 1300 2469 1164 2469 1164 2975
1651 2589 1651 2565 1892 2565 1892 2550
1473 2363 1434 2363 1434 2138 1423 2138
1254 2478 1682 2478 1682 2695 1813 2695
1613 2408 1576 2408 1576 2121 1286 2121
1256 2055 1331 2055 1331 2062 1439 2062
1197 2866 1464 2866 1464 3059 1543 3059
1512 2236 1508 2236 1508 3012 1420 3012
1109 2755 1109 2717 1911 2717 1911 2703
1853 2203 1819 2203 1819 2948 1742 2948
1352 3535 1306 3535 1306 3654 1113 3654
1816 3245 1816 3285 1174 3285 1174 3322
1200 3468 1200 3525 1219 3525 1219 3691
1133 3476 1133 3485 1822 3485 1822 3582
1174 4012 1424 4012 1424 4054 1446 4054
1192 3118 1611 3118 1611 3347 1812 3347
1164 3972 1164 3439 1839 3439 1839 3438
1881 3316 1641 3316 1641 3778 1478 3778
1982 4018 1643 4018 1643 4011 1591 4011
1247 3657 1415 3657 1415 3988 1919 3988
1378 4009 1378 3847 1549 3847 1549 3213
1794 3113 1835 3113 1835 3247 1880 3247
1944 3382 1939 3382 1939 3605 1776 3605
1564 3622 1668 3622 1668 3358 1837 3358
1713 3567 1713 3652 1612 3652 1612 3925
2031 3770 2031 3804 1634 3804 1634 3831
1075 3631 1075 3655 1798 3655 1798 3661
1959 4049 1900 4049 1900 3533 1805 3533
1608 3288 1127 3288 1127 3567 1077 3567
1654 3279 1654 3547 1599 3547 1599 3575
2002 3816 2002 3844 1439 3844 1439 3983
2856 419 2839 419 2839 354 2822 354
2762 964 2776 964 2776 24 2996 24
2785 895 2785 681 2344 681 2344 11
2183 645 2376 645 2376 931 2972 931
2706 325 2706 586 2444 586 2444 836
2934 317 3029 317 3029 168 3035 168
2277 142 2341 142 2341 267 2364 267
2759 970 2759 819 2475 819 2475 631
2537 218 2537 841 2613 841 2613 881
2861 275 2861 284 2366 284 2366 468
2854 932 2854 498 2492 498 2492 321
2521 1012 2523 1012 2523 379 2632 379
3023 648 3023 525 2463 525 2463 407
2286 374 2547 374 2547 164 2608 164
2390 659 2310 659 2310 806 2209 806
2228 799 2364 799 2364 34 2451 34
3065 182 2732 182 2732 214 2525 214
3012 945 2628 945 2628 643 2434 643
2980 1011 2980 710 2912 710 2912 568
2774 542 2774 467 3071 467 3071 289
2892 950 2892 938 2891 938 2891 145
2934 1920 2934 1390 2298 1390 2298 1226
2531 1533 2531 1640 2822 1640 2822 1742
2678 1861 2678 1282 2774 1282 2774 1248
3024 1167 3024 1352 2199 1352 2199 1390
2744 1521 2739 1521 2739 1371
2163 1892 2163 1876 2841 1876 2841 1862
2717 1768 2752 1768 2752 1948 2932 1948
2137 1690 2137 1736 2523 1736 2523 1741
3042 1919 2987 1919 2987 1533 2570 1533
2270 1693 2270 1774 2110 1774 2110 1898
3004 1384 3004 1360 2295 1360 2295 1155
2805 1049 2647 1049 2647 1774 2579 1774
2423 1194 2351 1194 2351 1103 2334 1103
3028 1608 2939 1608 2939 1661 2685 1661
2782 1991 2782 1399 2728 1399 2728 1225
2731 1494 2743 1494 2743 1406 2814 1406
2723 1644 2723 1509 2696 1509 2696 1091
2138 1622 2138 1633 2798 1633 2798 1740
2252 1583 2252 1550 2463 1550 2463 1380
2386 1277 2288 1277 2288 1435 2202 1435
2147 1465 2165 1465 2165 1978 2239 1978
2259 2035 2259 1966 2920 1966 2920 1935
2272 1544 2272 1742 3038 1742 3038 1831
2783 2561 2924 2561 2924 2619 3004 2619
2160 2677 2160 2828 2085 2828 2085 2897
3028 2053 3001 2053 3001 2230 2999 2230
2056 2752 2056 2820 2887 2820 2887 2969
2709 3019 2802 3019 2802 2166 2805 2166
2323 2288 2331 2288 2331 2594 2367 2594
2132 2389 2132 2705 2645 2705 2645 2836
2103 2827 2216 2827 2216 3023 2527 3023
2453 2492 2486 2492 2486 2130 2561 2130
2326 2967 2326 2161 2723 2161 2723 2137
3009 2720 3003 2720 3003 2485 3001 2485
2557 2584 2557 2450 2686 2450 2686 2423
2718 2560 2775 2560 2775 2543 2869 2543
2460 2082 2460 2110 2213 2110 2213 2122
2156 2878 2289 2878 2289 2423 2293 2423
2347 2352 2484 2352 2484 2549 2557 2549
2730 2248 2157 2248 2157 2663 2070 2663
2675 2125 2675 2646 2371 2646 2371 3046
2678 2304 2622 2304 2622 2381 2078 2381
2300 2858 2325 2858 2325 2264 2905 2264
2398 3627 2103 3627 2103 3872 2074 3872
2685 3503 2685 3598 2566 3598 2566 3702
2425 3099 2254 3099 2254 3078 2200 3078
2750 3074 2750 3114 2470 3114 2470 3128
2395 4055 2395 4038 2131 4038 2131 3836
3067 4053 3067 3568 2422 3568 2422 3074
2994 3200 2994 3182 2129 3182 2129 3116
2128 3244 2117 3244 2117 4075 2106 4075
2622 3262 2622 3523 2378 3523 2378 4030
2935 3820 2531 3820 2531 3403 2281 3403
2834 3097 2834 3222 2099 3222 2099 3343
2051 3653 2148 3653 2148 3586 2266 3586
2052 3691 2052 3703 2454 3703 2454 3768
2903 3955 2760 3955 2760 3666 2192 3666
2409 4021 2875 4021 2875 3119 2922 3119
2393 3412 2393 3478 2827 3478 2827 4038
2492 3143 2492 3131 2314 3131 2314 3122
2394 3230 2284 3230 2284 3438 2105 3438
2977 4056 2612 4056 2612 3535 2477 3535
2400 3111 3054 3111 3054 3558 3058 3558
3421 237 3475 237 3475 906 3782 906
3678 597 3717 597 3717 979 3918 979
4051 821 4051 228 4018 228 4018 44
3480 207 3480 191 3626 191 3626 187
3291 392 3278 392 3278 965 3248 965
3891 143 3891 156 4081 156 4081 770
3114 438 3114 385 3885 385 3885 370
3979 474 3979 391 3165 391 3165 86
3931 568 3931 387 4026 387 4026 137
3870 701 3725 701 3725 927 3547 927
3864 451 3726 451 3726 213 3550 213
3625 585 3625 682 4091 682 4091 798
3788 531 3242 531 3242 407 3234 407
3989 479 3989 455 4087 455 4087 435
3476 908 3476 681 3582 681 3582 300
3761 394 3761 388 4081 388 4081 254
3914 157 3809 157 3809 511 3764 511
3682 618 3484 618 3484 409 3339 409
3309 224 3309 384 3779 384 3779 952
3433 50 3884 50 3884 141 3922 141
3758 423 3233 423 3233 394 3165 394
4037 655 4037 633 3497 633 3497 569
3096 1711 3096 1853 3713 1853 3713 2014
3138 1353 3138 1377 3882 1377 3882 1434
3757 1453 3757 1713 3148 1713 3148 1852
3654 1803 3654 1538 3445 1538 3445 1136
4061 1786 4061 1793 3469 1793 3469 1846
3535 1175 3573 1175 3573 1446 3603 1446
3939 1298 3853 1298 3853 1211 3348 1211
3784 1210 3485 1210 3485 1889 3317 1889
3705 1207 3893 1207 3893 1080 4020 1080
3425 1964 3324 1964 3324 1170
3770 1056 3612 1056 3612 1822 3190 1822
3695 1497 3801 1497 3801 1457 4038 1457
3258 1239 3323 1239 3323 1315 3510 1315
3818 1535 3818 1481 3591 1481 3591 1472
3832 1751 3832 1474 3656 1474 3656 1103
3474 1245 3878 1245 3878 1513 3917 1513
3365 1686 3365 1599 3796 1599 3796 1408
3467 1856 3467 1868 3808 1868 3808 1905
3365 1782 3365 1723 3990 1723 3990 1708
3573 2029 3573 1800 3098 1800 3098 1331
3450 2895 3467 2895 3467 2657 3557 2657
3082 2416 3080 2416 3080 2149 3076 2149
3776 3046 3834 3046 3834 2569 3872 2569
3518 2715 3524 2715 3524 2204 3556 2204
3961 2978 3961 2848 3779 2848 3779 2061
3871 2416 3737 2416 3737 2804 3345 2804
3910 2556 3910 2211 3202 2211 3202 2094
3253 2933 3253 2707 4057 2707 4057 2405
3415 2934 3415 2982 3490 2982 3490 3063
3535 2420 3593 2420 3593 2205 3620 2205
3246 2615 3246 2688 3119 2688 3119 2819
3943 3043 3943 2998 3586 2998 3586 2865
3448 2103 3448 2306 3784 2306 3784 2633
3467 2631 3313 2631 3313 2295 3254 2295
3431 2880 3728 2880 3728 2346 3964 2346
3286 2049 3286 2252 3471 2252 3471 2315
3762 2647 3762 2584 3907 2584 3907 2061
3279 2393 3279 2929 3905 2929 3905 3071
3860 2258 3477 2258 3477 2201 3232 2201
3243 2839 3243 2595 3490 2595 3490 2356
3328 3736 3377 3736 3377 3323
3550 3791 3550 3749 3892 3749 3892 3747
3910 3884 3767 3884 3767 3719 3586 3719
3723 3843 3705 3843 3705 3203 3508 3203
4005 3470 4005 3739 3860 3739 3860 3753
3490 3698 4060 3698 4060 3501 4083 3501
4027 3614 4027 3637 3161 3637 3161 3809
3248 3297 3248 3103 3229 3103 3229 3101
3929 3135 3461 3135 3461 3338 3351 3338
3409 4058 3580 4058 3580 3828 3657 3828
3666 3552 3666 3297 3158 3297 3158 3136
3365 3693 3364 3693 3364 3775 3360 3775
3935 3916 3511 3916 3511 4037 3353 4037
3352 3312 3348 3312 3348 3993 3347 3993
3948 3426 3948 3421 3541 3421 3541 3419
3262 3409 3262 3639 3936 3639 3936 3767
4013 4075 4013 4037 3241 4037 3241 3937
3171 3340 3219 3340 3219 3236 3280 3236
3233 3734 3333 3734 3333 3954 3358 3954
3540 3270 3540 3689 4081 3689 4081 3797
3997 3902 3420 3902 3420 3718 3244 3718
3246 3353 3209 3353 3209 3698 3178 3698
3408 3569 3408 3414 3310 3414 3310 3348
1872 974 1872 1058 1611 1058 1611 1066
615 1015 1122 1015 1122 1025 1825 1025
1055 1015 1148 1015 1148 1037 1275 1037
1561 1010 1663 1010 1663 1057 1700 1057
910 988 910 997 1399 997 1399 1038
1801 2058 1801 2063 803 2063 803 2082
1657 2074 1657 2063 1682 2063 1682 2020
211 2059 211 2071 342 2071 342 2090
749 2035 749 2002 1025 2002 1025 1997
1157 2016 1157 2030 1672 2030 1672 2032
1440 3066 1440 3077 1076 3077 1076 3104
690 3049 1130 3049 1130 3036 1306 3036
1272 3059 1272 3071 200 3071 200 3104
386 3037 386 3091 1702 3091 1702 3092
1239 3051 1605 3051 1605 3084 1891 3084
2632 984 2548 984 2548 1000 2161 1000
1827 1020 1873 1020 1873 1047 2214 1047
2514 1010 2514 1013 1538 1013 1538 1015
1230 979 1230 1009 1292 1009 1292 1021
3001 993 3001 994 1650 994 1650 1020
2309 2078 2309 2065 1678 2065 1678 2051
1125 2083 2330 2083 2330 2057 2751 2057
1057 2034 1683 2034 1683 2007 2909 2007
1311 2035 1311 2037 1626 2037 1626 2072
1656 2092 1524 2092 1524 2003 1057 2003
1285 3073 1507 3073 1507 3047 2247 3047
2704 3069 2347 3069 2347 3025 1698 3025
2681 3048 2681 3060 1139 3060 1139 3102
2407 3039 2145 3039 2145 3046 1843 3046
2694 3046 1111 3046 1111 3053 1059 3053
2845 1036 2845 1040 2081 1040 2081 1041
3332 1061 2852 1061 2852 1029 2535 1029
2321 1011 3052 1011 3052 1056 3517 1056
2483 994 2483 1002 3219 1002 3219 1004
3633 1066 3633 1030 2189 1030 2189 1009
2709 2008 2709 2031 3853 2031 3853 2083
3602 2082 2593 2082 2593 2035 2416 2035
2310 2062 2310 2027 2633 2027 2633 2026
2804 2047 3016 2047 3016 2012 3155 2012
2853 2001 3532 2001 3532 2036 3904 2036
3477 3062 3151 3062 3151 3063 3130 3063
4000 3063 4000 3068 2438 3068 2438 3108
3042 3031 3042 3033 3897 3033 3897 3035
3541 3088 3541 3119 3921 3119 3921 3122
3714 3087 3714 3067 3049 3067 3049 3058
1011 1511 1011 1607 1050 1607 1050 1708
973 1956 979 1956 979 915 1006 915
1050 701 1050 545 1055 545 1055 112
1054 1130 1030 1130 1030 585 1019 585
1011 233 1011 316 990 316 990 368
1034 1726 1045 1726 1045 2785 1067 2785
988 1324 1006 1324 1006 2857 1074 2857
1026 1719 1025 1719 1025 2614 1023 2614
1022 1313 1027 1313 1027 3005 1074 3005
1070 2649 1052 2649 1052 1326 1033 1326
990 2607 1002 2607 1002 3164 1065 3164
1033 2880 1033 2649 1070 2649 1070 2556
1074 2329 1047 2329 1047 2289 976 2289
1073 3920 1073 3608 1003 3608 1003 3374
1000 3715 1001 3715 1001 3820 1009 3820
2036 1242 2036 1817 2079 1817 2079 1829
2032 12 2054 12 2054 223 2073 223
2048 1534 2043 1534 2043 913 2035 913
2045 1766 2045 1514 2046 1514 2046 869
2081 401 2081 411 2038 411 2038 455
2050 2125 2050 1727 2090 1727 2090 1330
2065 2060 2058 2060 2058 2509 2029 2509
2059 1986 2055 1986 2055 1715 2054 1715
2063 1893 2063 2306 2052 2306 2052 2538
2002 2695 2041 2695 2041 1209 2049 1209
2035 4062 2035 4040 2060 4040 2060 3959
2030 3148 2030 3281 2095 3281 2095 3527
2057 2403 2049 2403 2049 3526 1997 3526
2054 3265 2054 3270 2053 3270 2053 3287
2062 2301 2045 2301 2045 3758 2034 3758
3112 961 3112 371 3081 371 3081 139
3057 128 3046 128 3046 1030 3030 1030
3076 995 3076 1305 3022 1305 3022 1507
3067 816 3081 816 3081 1979 3122 1979
3076 932 3061 932 3061 928 3042 928
3082 2794 3082 2560 3094 2560 3094 1769
3079 1192 3059 1192 3059 1614 3044 1614
3093 1701 3093 2116 3024 2116 3024 3029
3044 2468 3070 2468 3070 2469 3087 2469
3040 1764 3045 1764 3045 2047 3051 2047
3110 2388 3110 2432 3086 2432 3086 2632
3026 3567 3068 3567 3068 2115 3088 2115
3102 3477 3105 3477 3105 3989 3107 3989
3100 2275 3100 2422 3110 2422 3110 2593
3104 3050 3100 3050 3100 2797 3091 2797
1112 3180 2436 3180 2436 2551 3899 2551
2737 3176 2737 1150 713 1150 713 693
2367 3052 2367 1932 3296 1932 3296 1787
3627 1315 3246 1315 3246 2862 3241 2862
55 2795 55 2364 206 2364 206 2160
3879 650 3297 650 3297 3927 589 3927
1617 3330 1394 3330 1394 1559 975 1559
1430 2324 2347 2324 2347 728 3749 728
1820 3580 1820 2157 3638 2157 3638 496
1196 1259 1196 2031 773 2031 773 2555
171 1452 171 1733 1206 1733 1206 2415
3203 4046 3203 3886 78 3886 78 3803
2759 2655 3043 2655 3043 2609 3478 2609
172 1970 172 1772 1028 1772 1028 1121
1463 727 1419 727 1419 1792 1412 1792
2007 306 2007 140 1442 140 1442 102
3774 469 3774 591 2331 591 2331 770
1772 188 1139 188 1139 1051 1032 1051
1613 2630 1613 2720 2861 2720 2861 3706
882 3434 882 1519 1645 1519 1645 559
1946 3223 1973 3223 1973 1909 2043 1909
497 1209 2178 1209 2178 3108 2460 3108
1443 2812 1863 2812 1863 2266 2508 2266
475 1124 385 1124 385 3177 205 3177
3080 2955 3080 2463 2441 2463 2441 1319
2496 1556 2496 2220 2900 2220 2900 3102
2366 137 2011 137 2011 132 230 132
2073 1819 2073 2295 1479 2295 1479 3439
1859 1008 1859 1116 3797 1116 3797 1133
1192 83 1192 200 3003 200 3003 223
3598 3620 3808 3620 3808 651 3809 651
1319 44 2423 44 2423 978 3041 978
2763 1663 3078 1663 3078 1052 3129 1052
315 2844 315 2352 1847 2352 1847 1982
3366 2671 3277 2671 3277 1208 2692 1208
3186 2334 3186 1789 3713 1789 3713 1730
3252 979 3252 395 2363 395 2363 310
3397 1224 3397 940 1431 940 1431 710
2727 3185 2727 3036 2780 3036 2780 2381
3962 3545 1940 3545 1940 2078 1778 2078
2403 2662 2052 2662 2052 3731 1984 3731
2898 3623 2898 3438 1922 3438 1922 2025
2307 371 2307 2674 3007 2674 3007 3733
52 3112 755 3112 755 1906 1877 1906
3694 2225 3694 2219 1633 2219 1633 2191
3009 1487 253 1487 253 708 174 708
881 2751 881 947 2688 947 2688 807
101 2053 101 2404 3737 2404 3737 2531
2986 320 2986 97 505 97 505 21
3551 822 3819 822 3819 1559 3847 1559
2779 1678 2779 435 2667 435 2667 141
3881 1847 966 1847 966 4063 432 4063
721 3358 721 984 2993 984 2993 119
3813 885 3813 2838 2873 2838 2873 3592
2878 1668 2878 2136 3957 2136 3957 3627
1947 3941 1947 3605 1353 3605 1353 3433
1896 914 1896 1777 2863 1777 2863 2036
2180 686 883 686 883 1268 230 1268
2119 1291 2119 2488 3507 2488 3507 3753
1838 3539 1838 3848 1990 3848 1990 3976
577 563 2012 563 2012 2984 2903 2984
1157 3750 1143 3750 1143 811 966 811
1742 447 1532 447 1532 323 529 323
3939 3149 3939 1786 2767 1786 2767 529
1278 429 2113 429 2113 2487 2664 2487
2766 675 2766 2117 2937 2117 2937 3321
2539 1442 2930 1442 2930 3200 3230 3200
1274 3689 1171 3689 1171 93 49 93
986 2054 1071 2054 1071 160 3897 160
1666 490 668 490 668 3345 569 3345
2005 162 2005 382 1909 382 1909 862
1952 3031 1952 2730 627 2730 627 2441
1638 3654 1638 2916 381 2916 381 1303
1880 990 1698 990 1698 2615 1553 2615
934 1925 934 1914 1007 1914 1007 1671
570 1430 1076 1430 1076 1345 1271 1345
1794 653 1562 653 1562 1422 1538 1422
330 138 330 1850 747 1850 747 3355
1918 3738 1355 3738 1355 929 775 929
278 3184 296 3184 296 1407 354 1407
109 3708 1517 3708 1517 2613 1781 2613
96 3301 178 3301 178 304 320 304
488 3599 684 3599 684 3607 1664 3607
426 3669 830 3669 830 1309 1051 1309
295 236 650 236 650 545 665 545
1169 1769 1169 1557 531 1557 531 1394
1829 2914 755 2914 755 1078 477 1078
1652 1701 1652 2287 681 2287 681 2992
1604 2119 1427 2119 1427 217 1028 217
1650 3861 1635 3861 1635 1943 1328 1943
530 2226 530 3079 790 3079 790 3379
587 818 426 818 426 2892 327 2892
116 991 116 1949 974 1949 974 3788
1173 4065 1163 4065 1163 2220 1148 2220
1081 3880 1050 3880 1050 1469 989 1469
681 3674 770 3674 770 932 960 932
1842 3857 1789 3857 1789 859 1788 859
353 3030 887 3030 887 2689 1206 2689
771 1228 771 1930 702 1930 702 3593
1740 2653 741 2653 741 1760 417 1760
167 2999 167 1552 831 1552 831 895
631 941 631 1082 1653 1082 1653 1655
786 4069 487 4069 487 3917 265 3917
72 3526 239 3526 239 2819 1144 2819
562 3145 930 3145 930 2535 1791 2535
1774 2705 1843 2705 1843 3737 1889 3737
1325 3304 1147 3304 1147 3839 755 3839
1837 2998 1762 2998 1762 2314 1391 2314
1374 3108 1283 3108 1283 2926 157 2926
1593 3104 1992 3104 1992 2282 2040 2282
559 2897 559 3042 738 3042 738 3844
126 2433 190 2433 190 2363 1307 2363
741 3774 741 3766 1777 3766 1777 3749
1526 2135 1675 2135 1675 3915 1729 3915
633 2546 633 3267 1869 3267 1869 3596
1899 3150 1899 2165 1854 2165 1854 2065
402 2323 791 2323 791 3796 1289 3796
1515 2118 1515 2480 1989 2480 1989 3030
1930 3366 1379 3366 1379 3282 108 3282
208 2499 162 2499 162 2525 69 2525
325 2231 325 2345 657 2345 657 2397
1540 2313 1540 2292 967 2292 967 2257
1411 2999 1373 2999 1373 2956 598 2956
588 2235 787 2235 787 2223 1412 2223
839 2495 839 2455 881 2455 881 2379
1065 2089 1065 2765 1350 2765 1350 2799
1115 2322 1115 2317 625 2317 625 2310
431 2260 269 2260 269 2128 138 2128
618 2153 593 2153 593 2438 509 2438
473 2405 473 2328 1661 2328 1661 2214
797 2459 797 2132 762 2132 762 2050
881 2462 1047 2462 1047 2384 1350 2384
1489 2478 1319 2478 1319 2056 1294 2056
1476 2453 1152 2453 1152 2175 1148 2175
1331 2167 1286 2167 1286 2293 1153 2293
1712 2523 1712 2309 1827 2309 1827 2049
1167 2127 1831 2127 1831 2232 1932 2232
1955 2200 1955 2213 1859 2213 1859 2250
1759 2060 1707 2060 1707 2182 1661 2182
1896 2074 1896 2101 1740 2101 1740 2132
1545 2082 1739 2082 1739 2258 1760 2258
1384 2242 1098 2242 1098 2069
1478 2227 1577 2227 1577 2237 1603 2237
1361 2206 1361 2276 1174 2276 1174 2301
1036 2287 1036 2259 1835 2259 1835 2247
1762 2213 1429 2213 1429 2294 1156 2294
1156 2199 1156 2281 1065 2281 1065 2285
1247 2203 1251 2203 1251 2186 1374 2186
1033 2203 1091 2203 1091 2213 1270 2213
1229 2210 1229 2213 1125 2213 1125 2224
1401 2216 1401 2198 1074 2198 1074 2196
1419 2198 1419 2203 1336 2203 1336 2232
1492 2230 1492 2208 1333 2208 1333 2206
1172 2176 1172 2201 1107 2201 1107 2213
1456 2193 1206 2193 1206 2211 1172 2211
1216 2222 1277 2222 1277 2209 1393 2209
1118 2181 1118 2182 1085 2182 1085 2184
1436 2229 1436 2204 1435 2204 1435 2201
1371 2184 1384 2184 1384 2227 1432 2227
1359 2214 1359 2233 1511 2233 1511 2237
1283 2233 1283 2228 1398 2228
1290 2199 1290 2188 1310 2188 1310 2177
